062804
281208
052828
280816
181228
280616
092820
011228
022812
091428
040928
122802
122801
092815
122814
052815
061928
122821
102528
280829
022825
280504
082808
022128
280821
011528
280416
280204
010828
011028
091028
280124
022628
280101
210628
281014
281009
042806
122805
042428
280620
092428
280502
052801
280110
090128
280505
100928
092816
022928
092828
062028
082812
280421
052028
122824
150828
280804
280425
021228
280610
150928
241228
280229
082028
040628
012824
020628
280915
102801
022808
280112
062819
190628
201228
060128
240928
210528
042821
052809
102815
092802
280214
100628
140628
092812
280414
042820
082816
052814
120928
090828
200628
040828
010128
092928
082809
122819
280810
290228
280405
280605
250228
022824
280508
281206
062628
102821
280105
150628
022814
280926
102828
150528
241028
042810
012428
160928
020428
281209
280209
280910
012809
092808
122809
281016
280104
010928
280612
102428
092028
280812
180428
052819
280114
012028
082801
190428
051628
251228
042028
042812
280818
060928
240228
020128
280906
102820
121928
281021
082806
062815
280106
012528
280914
260928
280802
280909
280121
280506
062821
281024
082818
092814
122816
082428
280409
021928
022828
012826
280904
060428
122812
190228
280615
280520
092805
280408
280625
102810
062824
280402
280815
180628
050628
280224
281216
122829
120428
021528
102628
101028
012821
281001
020528
052628
211228
061828
210128
180128
090628
280212
280619
102809
101628
281215
161028
080528
082928
092806
042808
022801
051428
102824
280210
280401
250428
280202
102825
280618
280118
080828
022818
011628
122826
280514
281008
081528
021028
080428
040228
122806
102812
140528
150228
180528
020928
191028
280205
280221
092801
041228
210228
092821
022028
280429
280824
052805
060828
280621
052824
250528
121228
280216
052928
091228
042828
281205
280420
280925
012804
150128
012628
120528
280116
012808
061228
280128
102829
062428
281224
060628
280201
280614
151228
012816
042819
012825
290428
280108
022819
140428
092128
042804
281228
280918
141228
280428
052802
022820
101428
280901
091928
052810
052128
102818
022805
280902
062828
040528
281202
082810
012820
010528
050928
022428
041628
160128
281004
082804
050128
062809
180828
280921
260528
062806
280924
082819
281020
092826
280519
260128
062814
010628
291228
260428
280820
122810
280219
290628
022809
250628
042802
280516
190128
261228
280521
190528
211028
101528
240528
280412
080128
121828
012814
052825
280908
021628
042816
250128
280129
061628
280119
280808
280228
101928
280609
260228
052812
200928
280826
042825
281229
042528
011928
062816
051028
280806
062812
280624
280226
280928
052818
082628
281028
061528
281201
082802
280518
041928
281019
012819
051528
120228
050428
280920
100828
250928
052528
010228
102826
240428
280120
092804
102816
022821
122928
201028
281029
020828
280916
121628
280419
062801
082814
280809
042628
141028
052820
022802
200528
280525
081028
051228
052428
052829
050228
140828
041528
080928
012810
122825
042814
100128
042829
062826
081628
012812
161228
210928
042809
092528
281214
062802
061428
280501
041428
010428
280418
081428
102804
280528
012128
052816
160228
062528
160428
280125
290528
280608
102806
280215
280102
102814
150428
280526
011828
012829
012928
261028
122828
160828
281219
122628
122820
122428
102808
042815
092818
122808
021428
040428
012828
281010
062810
022816
281212
082528
280415
061028
280604
160628
091628
062820
200228
080628
012818
210428
022810
102802
082815
102928
280410
122028
160528
140928
060528
122818
280206
280218
190828
191228
012806
240628
100428
281218
090428
102819
062825
280426
280510
280606
052804
140228
012815
280220
280819
041828
280825
022806
102028
082805
022804
080228
100528
122804
280814
092810
120628
200428
042128
280905
052808
052826
280919
022815
052821
280626
280912
092825
081228
280801
200128
281225
052806
280109
281002
281210
102128
050828
280529
280515
290128
122528
042805
122128
291028
280424
062928
020228
041028
280601
062829
092829
012805
042818
090228
281015
240128
100228
121028
281012
120128
120828
280225
090928
091528
101828
281005
091828
092628
092824
280115
260628
062128
081928
280404
121428
082128
012801
181028
280406
180228
051928
092809
042826
281026
280512
281025
101228
280208
280524
290928
021828
190928
062818
121528
050528
151028
281226
011428
022826
040128
090528
280602
140128
092819
281221
022829
062808
122815
042928
060228
280126
012802
280929
280509
281006
281018
251028
280628
051828
280805
180928
042824
081828
280629
042801
062805
102805
281204
022528
281220
